25.672 0.924694 4.47884 
22.4574 5.8364 5.42138 
20.586 10.5412 2.88721 
15.5514 15.8125 1.47446 
9.47031 19.9345 1.20505 
-1.97249 25.6794 0.499951 
3.73404 23.5335 0.600432 
-13.4482 28.5849 1.71944 
-8.35308 26.741 1.67051 
23.4959 -4.39714 4.85796 
20.4112 -9.08939 3.83468 
23.7603 -11.4477 0.549951 
16.1693 -13.8591 1.46575 
9.30498 -16.5058 0.758574 
-3.12684 -21.2846 -0.0579086 
2.74137 -20.4318 -0.155591 
-13.8589 -23.595 1.60428 
-8.47619 -22.571 1.1188 
31.9539 2.5826 -0.16743 
27.6644 9.73368 -1.87196 
21.3625 16.2765 -2.33497 
13.9731 20.5046 -1.95205 
7.43275 23.7922 -1.71142
-3.37574 27.8962 -0.858598
2.08071 27.0917 -0.755681
-15.3166 30.2415 1.10524 
-9.13787 30.7196 0.472899 
31.1784 -6.09516 0.055945 
25.3388 -10.1573 -0.227123 
20.1546 -15.8888 -0.931087 
12.4103 -18.7605 -1.19727
6.46067 -21.1483 -1.62269 
-5.19857 -24.0113 -1.16263 
0.34123 -23.5801 -0.827309
-16.2874 -25.5618 0.920381 
-11.0115 -26.4429 0.605192 